MessageDigest:
Mode: MD5
Value: [76, 111, 114, 101, 109, 32, 105, 112, 115, 117, 109]
Hash: 0956d2fbd5d5c29844a4d21ed2f76e0c

Mode: SHA-1
Value: [76, 111, 114, 101, 109, 32, 105, 112, 115, 117, 109]
Hash: 94912be8b3fb47d4161ea50e5948c6296af6ca05

Mode: SHA-256
Value: [76, 111, 114, 101, 109, 32, 105, 112, 115, 117, 109]
Hash: a9a66978f378456c818fb8a3e7c6ad3d2c83e62724ccbdea7b36253fb8df5edd

SecureRandom:
Mode: SHA1PRNG
Value: [84, 101, 115, 116, 32, 118, 97, 108, 117, 101, 32, 50]
Hash: 6714529122134804093

Mode: Windows-PRNG
Value: [84, 101, 115, 116, 32, 118, 97, 108, 117, 101, 32, 50]
Hash: 526900920642903161

Mode: DRBG
Value: [84, 101, 115, 116, 32, 118, 97, 108, 117, 101, 32, 50]
Hash: -6796803936720378661